3/12/2009 21 21 21 26
3/15/2009 22.166666666666668 22.5 0 28
3/17/2009 21.666666666666668 20 20 28
3/18/2009 20.666666666666668 21 16 26
3/24/2009 23 23 0 28
2/18/2010 20.857142857142858 21 0 28
2/26/2010 20.875 21 20 27
3/1/2010 20.2 21 21 24
3/3/2010 18 21 15 7
3/5/2010 16.8 15 13 24
3/9/2010 17.4 20 20 21
3/12/2010 19.22222222222222 20 20 23
3/16/2010 20.125 21 20 24
3/23/2010 16 18 18 8
3/30/2010 19 19 18 20
4/7/2010 17.333333333333332 18 18 24
4/12/2010 19.5 19.5 0 24
4/14/2010 21.4 21 21 24
4/19/2010 18 18 14 24
4/21/2010 11.333333333333334 6 0 8
5/6/2010 14.666666666666666 18 18 8
5/7/2010 17.8 19 0 22
5/11/2010 20.8 22 0 26
5/14/2010 20.333333333333332 21 24 24
5/17/2010 22 21 21 26
5/31/2010 18 19 20 20
1/13/2011 19 20 20 25
3/25/2011 18 17 21 21
4/7/2011 19.25 18.5 18 22
4/8/2011 23.571428571428573 24 24 27
4/12/2011 18 18 18 20
4/14/2011 21 20.5 0 25
4/15/2011 21.142857142857142 21 18 26
4/22/2011 23.166666666666668 22.5 20 27
5/3/2011 20.25 21.5 0 24
5/12/2011 19 18 14 26
5/13/2011 22.6 22 0 28
5/17/2011 20.8 21 18 25
5/19/2011 20 20 20 26
5/20/2011 20.4 20 18 26
5/31/2011 17.75 18 18 21
6/3/2011 17 19 0 22
6/7/2011 20.333333333333332 21 21 26
6/14/2011 20 20 18 22
6/16/2011 21.666666666666668 22 0 24
6/19/2011 22.8 23 0 26
10/27/2011 21 22 22 24
11/2/2011 21 21 0 24
11/6/2011 24 24 0 24
11/9/2011 18 18 0 18
11/10/2011 24.4 26 26 26
11/14/2011 23.714285714285715 26 26 27
11/22/2011 21.333333333333332 23 26 26
11/25/2011 22.75 22.5 22 28
12/6/2011 21.714285714285715 21 21 26
12/8/2011 22.571428571428573 22 22 26
12/15/2011 22.285714285714285 22 22 30
12/20/2011 22.875 24 24 26
12/22/2011 21 21 16 26
12/23/2011 21.857142857142858 22 18 25
2/13/2012 20 20 0 20
2/14/2012 21 21 0 21
2/15/2012 15 15 0 15
2/16/2012 19.5 19.5 0 22
2/17/2012 23 23 0 24
2/18/2012 22 22 22 22
2/19/2012 21 21 0 21
2/20/2012 30 30 0 30
2/21/2012 24 24 0 24
2/22/2012 22 22 0 22
3/6/2012 22.75 24.5 26 26
3/8/2012 22.25 23 24 26
3/13/2012 23.666666666666668 26 28 29
3/15/2012 18 18 18 18
3/19/2012 21 21 21 30
3/22/2012 23 22.5 21 26
4/25/2012 21 21 20 22
4/26/2012 24 24 24 28
5/3/2012 23.142857142857142 23 28 28
5/7/2012 21.75 21 21 24
5/9/2012 22 21 21 27
5/25/2012 21 22 18 24
5/31/2012 23.285714285714285 22 22 27
6/1/2012 23.166666666666668 24.5 27 27
1/17/2013 25.6 24 24 28
1/18/2013 26 26 0 26
1/22/2013 23.285714285714285 24 24 27
1/24/2013 24.571428571428573 24 30 30
1/26/2013 25 25 0 26
1/29/2013 22.666666666666668 23.5 27 27
1/31/2013 22 22 22 27
2/1/2013 24.666666666666668 26 28 28
2/3/2013 24.444444444444443 25 27 28
2/5/2013 23.428571428571427 22 21 28
2/7/2013 25.166666666666668 25.5 28 28
2/14/2013 23.714285714285715 25 25 26
2/19/2013 25 26.5 27 28
2/21/2013 24 24.5 22 28
2/27/2013 22.166666666666668 22.5 0 25
3/1/2013 23.714285714285715 25 26 26
3/2/2013 24 24 0 26
3/5/2013 20.666666666666668 21 0 25
3/7/2013 22.666666666666668 23.5 24 25
3/12/2013 21.857142857142858 23 27 27
3/19/2013 20 20 0 20
3/21/2013 24.375 25.5 27 27
4/30/2013 26.142857142857142 27 27 30
5/2/2013 25.142857142857142 28 28 28
5/8/2013 23.833333333333332 24.5 0 30
5/10/2013 23.8 26 0 28
5/15/2013 24.8 26 26 28
5/16/2013 21.166666666666668 21 18 26
5/17/2013 21.5 23 23 25
6/6/2013 23 24 24 26
6/7/2013 23.571428571428573 24 26 26
6/12/2013 25.333333333333332 25 24 32
7/2/2013 23.714285714285715 24 24 27
7/11/2013 23.166666666666668 23.5 26 26
10/11/2013 22.333333333333332 24 24 24
10/22/2013 21 22 16 27
10/23/2013 23.142857142857142 24 24 27
2/4/2014 22.142857142857142 22 20 26
2/6/2014 21.285714285714285 22 22 25
2/14/2014 22 23 23 26
2/25/2014 21.666666666666668 21.5 0 26
2/27/2014 22.6 25 26 26
3/4/2014 23.571428571428573 25 26 28
3/6/2014 22.25 23 23 26
3/7/2014 22.857142857142858 22 22 28
3/11/2014 21.75 21.5 26 26
3/12/2014 22.857142857142858 25 28 28
3/18/2014 23.833333333333332 25 25 28
3/20/2014 22 21 18 28
3/21/2014 22.5 22.5 0 26
4/1/2014 23.6 26 26 28
4/4/2014 24.166666666666668 25.5 29 29
4/8/2014 23.285714285714285 24 24 29
4/10/2014 24 25.5 0 28
4/11/2014 22.166666666666668 22 22 29
4/15/2014 23 23 0 28
4/17/2014 18 18 0 18
4/23/2014 25.333333333333332 27 30 30
5/6/2014 24.6 26 26 28
5/8/2014 21.333333333333332 20.5 20 27
5/9/2014 24.5 24.5 0 27
5/13/2014 26.25 26.5 0 30
5/16/2014 26 26 26 26
5/22/2014 22.833333333333332 24 24 26
6/6/2014 22 23 23 24
6/24/2014 23.142857142857142 22 22 27
7/1/2014 23.75 24 24 26
7/3/2014 24 24 26 26
7/8/2014 23.2 24 26 26
7/10/2014 23.428571428571427 26 26 28
7/15/2014 22.5 23 24 26
7/16/2014 24 26 26 28
7/18/2014 25.2 27 27 28
7/22/2014 23.4 23 23 28
7/24/2014 24.5 25.5 26 28
7/29/2014 25 26 0 28
8/26/2014 22.8 24 0 27
9/19/2014 28 28 28 28
10/7/2014 23.166666666666668 23.5 20 28
10/15/2014 27 27 0 27
10/17/2014 26.75 27.5 28 28
10/21/2014 24.166666666666668 26 27 28
10/24/2014 23.428571428571427 25 0 28
10/28/2014 23.375 23.5 27 27
10/30/2014 23.625 24 24 29
10/31/2014 25 24.5 24 27
11/4/2014 23.666666666666668 24 22 30
11/7/2014 24 26 26 30
11/11/2014 24.428571428571427 25 25 30
11/19/2014 26.666666666666668 26 0 30
11/21/2014 26.166666666666668 26.5 30 30
11/25/2014 25.714285714285715 27 23 30
11/28/2014 22.5 22.5 20 27
12/2/2014 25.571428571428573 27 27 30
12/8/2014 25.166666666666668 27 27 30
